62,55,98,93,48,28,82,78,19,96,31,42,76,25,34,4,18,80,66,6,14,17,57,54,90,27,40,47,9,36,97,56,87,61,91,1,64,71,99,38,70,5,94,85,49,59,69,26,21,60,0,79,2,95,11,84,20,24,8,51,46,44,88,22,16,53,7,32,89,67,15,86,41,92,10,77,68,63,43,75,33,30,81,37,83,3,39,65,12,45,23,73,72,29,52,58,35,50,13,74

77 60 61 59 16
17 46 97 9 73
42 82 25 32 29
48 94 52 55 50
95 14 67 79 34

37 58 22 47 30
4 86 77 42 54
73 94 87 34 55
72 53 14 64 88
23 21 36 52 66

61 27 76 56 12
60 7 36 33 97
4 16 89 44 40
51 43 75 79 28
14 69 35 90 8

74 16 44 21 30
1 11 71 97 42
88 59 52 28 75
58 26 23 76 8
33 65 80 95 14

70 61 5 77 9
3 23 42 86 31
99 22 41 14 17
93 63 25 10 30
28 52 81 89 40

78 18 42 48 14
4 95 87 64 32
13 10 72 90 46
68 16 57 80 77
50 69 5 63 96

37 57 36 6 32
89 26 27 22 29
80 49 88 0 46
70 18 50 14 19
34 84 79 90 98

41 23 10 4 88
26 55 17 71 15
68 49 0 14 97
27 61 31 74 99
89 33 64 32 5

63 44 98 56 47
72 2 28 89 77
36 24 26 14 21
7 58 32 31 86
33 0 57 54 4

69 40 35 84 3
56 49 55 2 28
85 14 50 12 27
65 73 6 42 23
64 68 48 62 22

23 15 77 3 91
33 58 69 66 14
88 47 18 16 99
62 89 86 7 67
90 57 35 45 29

66 14 90 76 93
21 57 27 55 32
22 43 67 29 81
49 53 39 96 79
12 48 88 63 33

82 58 5 84 25
61 19 83 22 44
85 3 14 10 97
35 26 79 20 73
99 21 51 47 81

14 32 63 18 70
50 91 67 1 19
7 31 54 11 8
51 78 35 72 77
47 73 22 5 76

2 22 11 31 13
66 21 83 94 87
69 5 59 14 53
95 41 90 43 92
42 77 10 88 8

79 89 77 24 21
30 14 46 11 38
3 70 84 67 48
45 20 40 63 35
86 74 2 76 43

80 99 91 96 25
22 76 81 62 51
10 64 53 54 70
55 8 49 60 1
40 67 14 89 16

44 65 41 79 75
63 76 6 51 30
12 21 73 29 97
42 55 54 53 25
0 89 47 14 92

97 79 90 95 5
14 96 57 40 30
70 60 52 33 36
10 86 28 51 7
88 20 99 27 63

84 40 26 1 46
28 42 29 5 45
63 82 17 31 6
30 78 2 89 67
14 47 60 33 32

65 34 92 70 36
24 54 41 31 13
28 40 93 57 20
19 59 89 51 77
80 69 85 76 14

15 53 29 5 96
23 61 52 36 83
54 64 99 16 68
60 82 90 58 13
42 14 59 80 27

16 11 70 63 14
25 61 13 84 34
96 24 30 38 39
75 72 59 97 91
8 4 62 19 58